2,TestCase1,MN,0.0675,Wood,1,1,1,1,1,1,1
4,TestCase1,MN,0.0675,Wood,1,1,1,1,1,1,1
105,TestName,MN,0.0675,Wood,1,1,1,5.15,4.75,0.67,10.57
106,TestName,MN,0.0675,Wood,1,1,1,5.15,4.75,0.67,10.57
107,TestName,MN,0.0675,Wood,1,1,1,5.15,4.75,0.67,10.57
108,TestName,MN,0.0675,Wood,1,1,1,5.15,4.75,0.67,10.57
109,TestName,MN,0.0675,Wood,1,1,1,5.15,4.75,0.67,10.57
110,TestName,MN,0.0675,Wood,1,1,1,5.15,4.75,0.67,10.57
111,TestName,MN,0.0675,Wood,1,1,1,5.15,4.75,0.67,10.57
112,TestName,MN,0.0675,Wood,1,1,1,5.15,4.75,0.67,10.57
113,TestCase1,MN,0.0675,Wood,1,1,1,1,1,1,1
118,TestCase1,MN,0.0675,Wood,1,1,1,1,1,1,1
119,Thomas,MN,0.0675,Wood,22,1,1,77.00,91.30,11.36,179.66
120,Thomas,MN,0.0675,Wood,22,1,1,77.00,91.30,11.36,179.66
121,Thomas,MN,0.0675,Wood,22,1,1,77.00,91.30,11.36,179.66
122,Thomas,MN,0.0675,Wood,22,1,1,77.00,91.30,11.36,179.66
123,Thomas,MN,0.0675,Wood,22,1,1,77.00,91.30,11.36,179.66
124,TestCase1,MN,0.0675,Wood,1,1,1,1,1,1,1
129,TestCase1,MN,0.0675,Wood,1,1,1,1,1,1,1
130,Thomas,MN,0.0675,Wood,22,1,1,77.00,91.30,11.36,179.66
131,Thomas,MN,0.0675,Wood,22,1,1,77.00,91.30,11.36,179.66
132,Thomas,MN,0.0675,Wood,22,1,1,77.00,91.30,11.36,179.66
133,Thomas,MN,0.0675,Wood,22,1,1,77.00,91.30,11.36,179.66
134,Thomas,MN,0.0675,Wood,22,1,1,77.00,91.30,11.36,179.66
136,Chuck,MN,0.0675,Wood,22,1,1,77.00,91.30,11.36,179.66
138,Chuck,MN,0.0675,Wood,22,1,1,77.00,91.30,11.36,179.66
141,TestCase1,MN,0.0675,Wood,1,1,1,1,1,1,1
146,TestCase1,MN,0.0675,Wood,1,1,1,1,1,1,1
147,TestCase1,MN,0.0675,Wood,1,1,1,1,1,1,1
152,TestCase1,MN,0.0675,Wood,1,1,1,1,1,1,1
153,Canada,MN,0.0675,Wood,20,1,1,45.00,42.00,5.44,92.44
155,Chuck,MN,0.0675,Wood,20,1,1,45.00,42.00,5.44,92.44
159,Chuck,MN,0.0675,Wood,20,1,1,45.00,42.00,5.44,92.44
